-26    -32    -18
-26    -76    -14
-16    -60    -6
-28    -94    -4
-6     -92    -2
-12    -66    6
-48    -70    10
-26    -88    20
-8     -82    26
-54    -22    8
-38    -22    16
-54    -12    14
-54    -8     34
-40    -24    58
-10    -26    64
-46    -56    -12
-58    -24    38
-26    -68    48
-42    -34    48
-6     -60    56
-22    -50    66
-48    6      28
-28    -2     58
-58    -38    30
-42    -2     -6
-38    12     6
-30    44     30
-6     20     34
-10    -34    46
-6     4      62
-14    32     -20
-34    0      -34
-56    -32    -22
-38    -54    46
-44    32     20
-2     -68    20
-4     -26    32
-56    -4     -20
-58    -32    -2
-58    -50    12
-48    -64    36
-34    22     -12
-46    34     -2
-6     46     0
-24    60     -2
-10    44     40
-40    14     48
-26    20     52
-12    -56    14
-6     -54    32
-24.0  -14.0  -20.0
-26.0  -32.0  -8.0
-26.0  -2.0   -22.0
-20.0  -6.0   -16.0
-14.0  -30.0  2.0
-12.0  -22.0  2.0
-6.0   -10.0  6.0
-10.0  -22.0  12.0
-10.0  10.0   -6.0
-12.0  18.0   -2.0
-22.0  -8.0   -2.0
-16.0  0.0    -2.0
-22.0  8.0    -2.0
-28.0  -6.0   4.0
-12.0  14.0   6.0
-12.0  4.0    16.0
32     -30    -22
28     -66    -12
50     -60    -10
22     -94    -4
8      -76    4
16     -58    6
36     -82    16
14     -86    28
54     -16    6
40     -16    14
56     -4     12
58     -6     30
46     -10    48
42     -22    60
30     -38    64
12     -24    66
50     -62    16
50     -24    42
40     -46    50
26     -66    50
14     -52    66
48     10     28
28     -2     58
58     -42    14
60     -26    28
40     8      0
10     -30    46
8      6      52
12     36     -20
38     0      -36
58     -38    44
46     -62    46
30     58     -2
46     38     14
32     46     30
44     16     46
6      -28    32
6      26     32
6      -64    18
54     -50    30
62     -24    -18
50     6      -18
58     -26    -2
36     26     -14
50     28     0
6      48     0
12     46     40
26     24     50
12     -54    14
8      -52    30
26.0   -14.0  -20.0
28.0   -32.0  -8.0
28.0   -2.0   -22.0
22.0   -6.0   -16.0
16.0   -30.0  2.0
14.0   -22.0  2.0
8.0    -10.0  6.0
12.0   -22.0  12.0
12.0   10.0   -6.0
14.0   18.0   -2.0
24.0   -8.0   -2.0
18.0   0.0    -2.0
24.0   8.0    -2.0
30.0   -6.0   4.0
14.0   14.0   6.0
14.0   4.0    16.0
